100800 1
101000 2
101200 3
101400 4
101600 5
101900 6
102200 7
102530 8
102700 9
102900 10
103050 11
103285 12
103470 13
103500 14
103580 15
103780 16
103900 17
104290 18
104300 19
104310 20
104510 21
105120 22
105150 23
105200 24
105210 25
105250 26
105400 27
105500 28
105830 29
106100 30
106210 31
106260 32
106300 33
106600 34
107480 35
107970 36
108010 37
108120 38
108300 39
108500 40
108720 41
108721 42
108900 43
108985 44
109150 45
109400 46
109730 47
109800 48
110100 49
112310 50
112500 51
112600 52
113000 53
113100 54
113200 55
113300 56
113500 57
113620 58
113650 59
113800 60
113900 61
113970 62
114000 63
114290 64
114480 65
114500 66
114550 67
114900 68
115080 69
115150 70
115195 71
115196 72
115197 73
115200 74
115210 75
115300 76
115310 77
115430 78
116150 79
116200 80
116800 81
116860 82
116920 83
117000 84
117210 85
117300 86
117550 87
118100 88
118200 89
118210 90
118220 91
118300 92
118400 93
118450 94
118700 95
118800 96
119300 97
119500 98
119530 99
119540 100
119600 101
119800 102
120100 103
120200 104
120330 105
120430 106
120435 107
120790 108
120970 109
121050 110
121200 111
121201 112
121300 113
121850 114
121900 115
122100 116
122200 117
122470 118
122600 119
122700 120
122880 121
123100 122
123150 123
123320 124
123400 125
123450 126
123500 127
123700 128
123790 129
124200 130
124500 131
124900 132
125250 133
125310 134
125350 135
125370 136
125420 137
125480 138
125490 139
125500 140
125595 141
125700 142
125800 143
125850 144
125851 145
125852 146
125853 147
126200 148
126600 149
126700 150
127300 151
127400 152
127550 153
127700 154
127750 155
128100 156
128235 157
129400 158
129490 159
129500 160
129600 161
130000 162
130010 163
130020 164
130050 165
130060 166
130070 167
130600 168
130650 169
130900 170
131300 171
131440 172
131705 173
131750 174
131760 175
131800 176
131850 177
131900 178
131960 179
132000 180
132400 181
132450 182
132600 183
132700 184
132900 185
133020 186
133100 187
133200 188
133239 189
133700 190
133701 191
133780 192
134610 193
135100 194
135150 195
135290 196
135300 197
135700 198
136120 199
136520 200
136630 201
136680 202
136800 203
136880 204
136900 205
137215 206
137440 207
137600 208
137750 209
137760 210
137800 211
137920 212
138000 213
138500 214
139300 215
140000 216
140300 217
140350 218
140600 219
140700 220
141200 221
141500 222
141749 223
142330 224
142623 225
142680 226
142900 227
142945 228
142946 229
143095 230
143100 231
143200 232
143465 233
143470 234
143870 235
143890 236
144010 237
144200 238
144250 239
144650 240
144700 241
144750 242
145000 243
145001 244
145250 245
145260 246
145500 247
145600 248
145650 249
145680 250
145750 251
145900 252
145980 253
146000 254
146110 255
146200 256
146255 257
146300 258
146510 259
146520 260
146550 261
146700 262
146800 263
147050 264
147060 265
147250 266
147480 267
147750 268
147891 269
147950 270
148000 271
148190 272
148210 273
148350 274
148700 275
148820 276
149200 277
149400 278
149730 279
150250 280
150800 281
151623 282
151660 283
152700 284
153100 285
153550 286
153640 287
153650 288
153670 289
153700 290
153800 291
154020 292
154500 293
154700 294
154780 295
155100 296
155240 297
155255 298
155601 299
155755 300
155950 301
156200 302
156400 303
156530 304
156550 305
157170 306
157300 307
157600 308
157640 309
158000 310
158300 311
158320 312
158330 313
158590 314
158810 315
159000 316
159001 317
159900 318
160120 319
160150 320
160500 321
160800 322
160900 323
160980 324
161000 325
161200 326
161400 327
161800 328
161950 329
162000 330
162091 331
162100 332
162200 333
162210 334
162300 335
162400 336
162500 337
162800 338
162830 339
162900 340
163800 341
163955 342
164200 343
164230 344
164280 345
164300 346
164400 347
164500 348
165300 349
165500 350
165550 351
165800 352
166200 353
166210 354
166220 355
166250 356
166350 357
166600 358
166700 359
166710 360
166780 361
167200 362
167210 363
167320 364
167400 365
167800 366
167870 367
168000 368
168300 369
168500 370
168550 371
168600 372
168601 373
168605 374
169100 375
169150 376
169400 377
169500 378
169600 379
170390 380
170400 381
170650 382
171300 383
171400 384
172700 385
172800 386
172870 387
173100 388
173600 389
173650 390
173900 391
174050 392
174200 393
174700 394
174800 395
174810 396
174900 397
175100 398
175200 399
175700 400
175780 401
175900 402
176000 403
176100 404
176200 405
176270 406
176305 407
176400 408
176410 409
176430 410
176500 411
176670 412
176807 413
176860 414
177000 415
177170 416
177200 417
177650 418
177735 419
177820 420
177900 421
178300 422
178500 423
178600 424
179800 425
179850 426
180100 427
180104 428
180105 429
180300 430
180500 431
180550 432
180800 433
180849 434
180920 435
181000 436
181030 437
181350 438
181400 439
181405 440
181430 441
181450 442
181500 443
182000 444
182212 445
182230 446
182290 447
182600 448
182601 449
182900 450
182920 451
182940 452
182980 453
183086 454
183090 455
183900 456
184250 457
184252 458
184460 459
184500 460
184700 461
184840 462
184900 463
185500 464
185800 465
186000 466
186100 467
186300 468
186500 469
186570 470
186580 471
187300 472
187500 473
187600 474
187950 475
188000 476
188050 477
188055 478
188470 479
188550 480
188570 481
188580 482
188890 483
189500 484
189800 485
190300 486
190320 487
190350 488
190351 489
190440 490
190685 491
191100 492
191830 493
191900 494
192315 495
192350 496
192500 497
192600 498
192605 499
192950 500
193100 501
193220 502
193300 503
193400 504
193500 505
193510 506
193520 507
193530 508
193670 509
193900 510
194070 511
194080 512
194200 513
194470 514
200100 515
200150 516
200600 517
200610 518
200700 519
200950 520
200990 521
201000 522
201250 523
201300 524
201400 525
201450 526
201460 527
201470 528
201475 529
201710 530
201750 531
202110 532
202200 533
202300 534
202370 535
202400 536
202700 537
203200 538
203290 539
203300 540
203400 541
203450 542
203500 543
203655 544
203700 545
203750 546
203780 547
203800 548
204000 549
204100 550
204200 551
204500 552
204700 553
204870 554
205100 555
205400 556
205950 557
206100 558
206200 559
206700 560
206900 561
207410 562
207750 563
207800 564
207900 565
208000 566
208085 567
208150 568
208250 569
208400 570
208550 571
208900 572
208920 573
209300 574
209500 575
209850 576
209880 577
209900 578
209920 579
209950 580
210200 581
210210 582
210250 583
210370 584
210600 585
210720 586
210900 587
211180 588
211400 589
211530 590
211750 591
211900 592
211980 593
212050 594
212065 595
212066 596
212070 597
212140 598
212550 599
212720 600
212780 601
213300 602
214100 603
214150 604
214400 605
214450 606
214500 607
214700 608
214800 609
215045 610
215100 611
215140 612
215150 613
215300 614
215600 615
215700 616
216360 617
216400 618
216550 619
216900 620
217090 621
217300 622
218000 623
218040 624
218330 625
218600 626
218700 627
219000 628
219050 629
219100 630
219200 631
219500 632
219700 633
219750 634
219800 635
219900 636
220100 637
220110 638
220111 639
220150 640
220200 641
220290 642
220400 643
221750 644
221770 645
222100 646
222300 647
222448 648
222700 649
222730 650
222765 651
222900 652
223000 653
223100 654
223800 655
223900 656
224050 657
224100 658
224120 659
224230 660
224410 661
224900 662
225060 663
225100 664
225280 665
225320 666
225400 667
225410 668
225500 669
225750 670
225753 671
226200 672
226600 673
226650 674
226700 675
226730 676
226980 677
227200 678
227220 679
227300 680
227400 681
227650 682
227810 683
228000 684
228300 685
228600 686
228900 687
228930 688
228960 689
229070 690
229300 691
229600 692
230000 693
230200 694
230350 695
230400 696
230450 697
230500 698
230600 699
230650 700
230800 701
230900 702
231000 703
231005 704
231070 705
231090 706
231095 707
231200 708
231300 709
231530 710
231550 711
231670 712
231680 713
231900 714
232220 715
232240 716
232300 717
232500 718
233300 719
233420 720
233910 721
234000 722
234100 723
234200 724
234500 725
235200 726
235400 727
235550 728
235555 729
235700 730
235730 731
235800 732
236200 733
236250 734
236270 735
236490 736
236670 737
236680 738
236700 739
236730 740
236792 741
237300 742
237310 743
237500 744
238320 745
238600 746
238700 747
239000 748
239200 749
239500 750
239510 751
240300 752
240500 753
240600 754
240800 755
241080 756
241200 757
241410 758
241500 759
241510 760
241520 761
241530 762
241550 763
241600 764
241800 765
241850 766
242100 767
242300 768
242500 769
242600 770
242860 771
243000 772
243060 773
243400 774
243700 775
243800 776
244400 777
244460 778
245000 779
245010 780
245150 781
245200 782
245340 783
245400 784
245480 785
245590 786
245660 787
245900 788
246200 789
246300 790
247100 791
247420 792
248200 793
248250 794
248360 795
248370 796
248600 797
248800 798
248900 799
249000 800
249100 801
249420 802
249700 803
249900 804
250100 805
250620 806
250790 807
250800 808
250850 809
250940 810
251000 811
251100 812
251110 813
251120 814
251200 815
251260 816
251450 817
251880 818
252010 819
252011 820
252150 821
252500 822
252600 823
252605 824
252650 825
252920 826
252940 827
253000 828
253010 829
253200 830
253220 831
253250 832
253270 833
253290 834
253300 835
253310 836
253400 837
253550 838
253600 839
253601 840
253700 841
254090 842
254110 843
254130 844
254210 845
254300 846
254450 847
254500 848
254600 849
254770 850
254780 851
254800 852
254900 853
255110 854
255120 855
255125 856
255200 857
255310 858
255320 859
255600 860
255700 861
255800 862
255960 863
256000 864
256030 865
256100 866
256300 867
256370 868
256450 869
256500 870
256550 871
256600 872
256700 873
256730 874
256731 875
256800 876
256840 877
256850 878
257200 879
257220 880
257270 881
257300 882
257320 883
257850 884
258100 885
258315 886
258450 887
258501 888
258660 889
258870 890
259420 891
259440 892
259500 893
259600 894
259700 895
259710 896
259720 897
259730 898
259770 899
259775 900
259900 901
260000 902
260300 903
260350 904
260370 905
260500 906
260540 907
260800 908
260920 909
261000 910
261100 911
261500 912
261515 913
261550 914
261600 915
261630 916
261670 917
261740 918
261750 919
262000 920
262190 921
262400 922
262500 923
262600 924
262650 925
262700 926
262850 927
263200 928
263300 929
263400 930
263510 931
263700 932
263800 933
264070 934
264080 935
264300 936
264350 937
264470 938
264700 939
265000 940
265120 941
265380 942
265800 943
266100 944
266120 945
266130 946
266140 947
266150 948
266200 949
266280 950
266300 951
266500 952
266510 953
266600 954
266900 955
267300 956
267430 957
267500 958
267750 959
268000 960
268100 961
268130 962
268150 963
268200 964
268210 965
268220 966
268310 967
268400 968
268700 969
268800 970
269150 971
269160 972
269250 973
269600 974
269700 975
269920 976
269921 977
270100 978
270200 979
270400 980
270420 981
270450 982
270550 983
270685 984
270960 985
270970 986
271150 987
271245 988
271665 989
271700 990
271900 991
271930 992
272120 993
272200 994
272300 995
272430 996
272460 997
272750 998
272800 999
273300 1000
273395 1001
273750 1002
273800 1003
274150 1004
274300 1005
274400 1006
274500 1007
274600 1008
275100 1009
275210 1010
275350 1011
275630 1012
275900 1013
276300 1014
276400 1015
276710 1016
276820 1017
276900 1018
276901 1019
276904 1020
277180 1021
277410 1022
277440 1023
277450 1024
277460 1025
277470 1026
277480 1027
277580 1028
277590 1029
277610 1030
277900 1031
278250 1032
278300 1033
278400 1034
278700 1035
278720 1036
278730 1037
278740 1038
278750 1039
278760 1040
278780 1041
278800 1042
300000 1043
300009 1044
300018 1045
300029 1046
300048 1047
300049 1048
300055 1049
300067 1050
300068 1051
300069 1052
300071 1053
300100 1054
300123 1055
300143 1056
300166 1057
300183 1058
300200 1059
300209 1060
300210 1061
300220 1062
300240 1063
300243 1064
300257 1065
300260 1066
300291 1067
300299 1068
300301 1069
300321 1070
300322 1071
300323 1072
300352 1073
300354 1074
300367 1075
300373 1076
300376 1077
300387 1078
300400 1079
300422 1080
300423 1081
300425 1082
300436 1083
300438 1084
300448 1085
300472 1086
300476 1087
300486 1088
300489 1089
300491 1090
300494 1091
300495 1092
300496 1093
300497 1094
300500 1095
300510 1096
300511 1097
300600 1098
301000 1099
301040 1100
301050 1101
301200 1102
301310 1103
301500 1104
301830 1105
301900 1106
302045 1107
302060 1108
302800 1109
302950 1110
302960 1111
303100 1112
303350 1113
303600 1114
303700 1115
304020 1116
304100 1117
304110 1118
304120 1119
304150 1120
304400 1121
304700 1122
304790 1123
304800 1124
305000 1125
305100 1126
305390 1127
305400 1128
305450 1129
305600 1130
305620 1131
306400 1132
306900 1133
306955 1134
307000 1135
307200 1136
307800 1137
308050 1138
308100 1139
308205 1140
308230 1141
308240 1142
308300 1143
308800 1144
308930 1145
308940 1146
309000 1147
309350 1148
309400 1149
309500 1150
309520 1151
309530 1152
309541 1153
309548 1154
309549 1155
309580 1156
309583 1157
309801 1158
310200 1159
310300 1160
310400 1161
310465 1162
310468 1163
310600 1164
311150 1165
311200 1166
311250 1167
311300 1168
311900 1169
312000 1170
312060 1171
312080 1172
312300 1173
312600 1174
312750 1175
312863 1176
312870 1177
312920 1178
313200 1179
313400 1180
313500 1181
313900 1182
314050 1183
314250 1184
415000 1185
580000 1186
600002 1187
600059 1188
600060 1189
600072 1190
600081 1191
600101 1192
600105 1193
600116 1194
600118 1195
600121 1196
600132 1197
600138 1198
600145 1199
600155 1200
600195 1201
600202 1202
600204 1203
600208 1204
600224 1205
600263 1206
600274 1207
600309 1208
600316 1209
600334 1210
600376 1211
600462 1212
600496 1213
600501 1214
600512 1215
600513 1216
600625 1217
600630 1218
600634 1219
600648 1220
600649 1221
600652 1222
600669 1223
600721 1224
600737 1225
600791 1226
600794 1227
600795 1228
600803 1229
600807 1230
600850 1231
600852 1232
600858 1233
600880 1234
600881 1235
600882 1236
600886 1237
600919 1238
600955 1239
600962 1240
600965 1241
600969 1242
600974 1243
600977 1244
600994 1245
600995 1246
600996 1247
601001 1248
601003 1249
601005 1250
601067 1251
601071 1252
601072 1253
601098 1254
601104 1255
601110 1256
601144 1257
601152 1258
601154 1259
601200 1260
601214 1261
601238 1262
601277 1263
601287 1264
601316 1265
601317 1266
601321 1267
601367 1268
601369 1269
601378 1270
601382 1271
601386 1272
601399 1273
601410 1274
601414 1275
601419 1276
601451 1277
601455 1278
601457 1279
601462 1280
601472 1281
601494 1282
601536 1283
601544 1284
601547 1285
601553 1286
601559 1287
601606 1288
601626 1289
601631 1290
601634 1291
601650 1292
601665 1293
601675 1294
601678 1295
601680 1296
601696 1297
601718 1298
601744 1299
601777 1300
601813 1301
601815 1302
601820 1303
601847 1304
601859 1305
601868 1306
601884 1307
601885 1308
601887 1309
601894 1310
601942 1311
601952 1312
601954 1313
602014 1314
602032 1315
602078 1316
602080 1317
602081 1318
602082 1319
602083 1320
602088 1321
602089 1322
602092 1323
602093 1324
602111 1325
602347 1326
602390 1327
602398 1328
602433 1329
602450 1330
602459 1331
602473 1332
602475 1333
602481 1334
602482 1335
602485 1336
602491 1337
602522 1338
602540 1339
602579 1340
602585 1341
602629 1342
602668 1343
602722 1344
602771 1345
602849 1346
602875 1347
603013 1348
603034 1349
603041 1350
603147 1351
603218 1352
603233 1353
603278 1354
603358 1355
603373 1356
603471 1357
603513 1358
603516 1359
603543 1360
603552 1361
603553 1362
603554 1363
603563 1364
603585 1365
603622 1366
603649 1367
603688 1368
603689 1369
603776 1370
603786 1371
603813 1372
603829 1373
603830 1374
603860 1375
603896 1376
603902 1377
603903 1378
603909 1379
603932 1380
603933 1381
603956 1382
604004 1383
604091 1384
604116 1385
604117 1386
604129 1387
604131 1388
604145 1389
604168 1390
604169 1391
604173 1392
604187 1393
604218 1394
604219 1395
604229 1396
604233 1397
604250 1398
604271 1399
604273 1400
604278 1401
604286 1402
604290 1403
604292 1404
604302 1405
604307 1406
604308 1407
604320 1408
604326 1409
604348 1410
604352 1411
604356 1412
604360 1413
604367 1414
604369 1415
604370 1416
604377 1417
604391 1418
604393 1419
604400 1420
604416 1421
604432 1422
604498 1423
604536 1424
604537 1425
604563 1426
604571 1427
604625 1428
604715 1429
604717 1430
604757 1431
604765 1432
604772 1433
604804 1434
604841 1435
604864 1436
604901 1437
604906 1438
604928 1439
604931 1440
605027 1441
605039 1442
605041 1443
605074 1444
605115 1445
605192 1446
605218 1447
605249 1448
605253 1449
605258 1450
605259 1451
605280 1452
605289 1453
605316 1454
605355 1455
605361 1456
605362 1457
605373 1458
605375 1459
605387 1460
605407 1461
605432 1462
605462 1463
605472 1464
605479 1465
605552 1466
605588 1467
605589 1468
605594 1469
605637 1470
605676 1471
605714 1472
605724 1473
605814 1474
605820 1475
605839 1476
605899 1477
606002 1478
606003 1479
606054 1480
606056 1481
606069 1482
606070 1483
606071 1484
606072 1485
606159 1486
606176 1487
606217 1488
606232 1489
606243 1490
606324 1491
606346 1492
606353 1493
606367 1494
606369 1495
606392 1496
606394 1497
606408 1498
606437 1499
606438 1500
606482 1501
606579 1502
606593 1503
606595 1504
606657 1505
606658 1506
606664 1507
606685 1508
606688 1509
606690 1510
606705 1511
606719 1512
606762 1513
606764 1514
606768 1515
606777 1516
606788 1517
606798 1518
606799 1519
606812 1520
606824 1521
606843 1522
606856 1523
606858 1524
606864 1525
606889 1526
606943 1527
606963 1528
606966 1529
606996 1530
607014 1531
607015 1532
607078 1533
607080 1534
607091 1535
607101 1536
607107 1537
607115 1538
607133 1539
607136 1540
607143 1541
607154 1542
607174 1543
607196 1544
607200 1545
607208 1546
607225 1547
607236 1548
607250 1549
607259 1550
607271 1551
607276 1552
607277 1553
607313 1554
607322 1555
607323 1556
607326 1557
607330 1558
607341 1559
607361 1560
607371 1561
607398 1562
607417 1563
607426 1564
607432 1565
607450 1566
607453 1567
607459 1568
607464 1569
607473 1570
607475 1571
607476 1572
607482 1573
607485 1574
607487 1575
607499 1576
607507 1577
607523 1578
607541 1579
607554 1580
607572 1581
607594 1582
607595 1583
607596 1584
607598 1585
607602 1586
607616 1587
607624 1588
607625 1589
607626 1590
607628 1591
607631 1592
607634 1593
607636 1594
607641 1595
607654 1596
607655 1597
607676 1598
607677 1599
607678 1600
607681 1601
607682 1602
607684 1603
607685 1604
607688 1605
607706 1606
607721 1607
607734 1608
607736 1609
607745 1610
607748 1611
607765 1612
607778 1613
607785 1614
607791 1615
607801 1616
607812 1617
607821 1618
607822 1619
607823 1620
607831 1621
607832 1622
607834 1623
607841 1624
607847 1625
607855 1626
607864 1627
607903 1628
607906 1629
607921 1630
607932 1631
607941 1632
607948 1633
608013 1634
608030 1635
608033 1636
608051 1637
608091 1638
608093 1639
608097 1640
608099 1641
608104 1642
608106 1643
608115 1644
608175 1645
608180 1646
608189 1647
608194 1648
608203 1649
608232 1650
608233 1651
608236 1652
608265 1653
608266 1654
608320 1655
608323 1656
608328 1657
608340 1658
608354 1659
608355 1660
608358 1661
608361 1662
608389 1663
608390 1664
608393 1665
608404 1666
608415 1667
608443 1668
608446 1669
608456 1670
608470 1671
608516 1672
608540 1673
608556 1674
608567 1675
608569 1676
608579 1677
608583 1678
608594 1679
608611 1680
608612 1681
608615 1682
608622 1683
608627 1684
608629 1685
608634 1686
608637 1687
608641 1688
608643 1689
608644 1690
608649 1691
608654 1692
608673 1693
608688 1694
608709 1695
608716 1696
608728 1697
608747 1698
608751 1699
608758 1700
608776 1701
608779 1702
608782 1703
608799 1704
608800 1705
608804 1706
608807 1707
608808 1708
608810 1709
608812 1710
608836 1711
608837 1712
608840 1713
608864 1714
608874 1715
608890 1716
608895 1717
608898 1718
608902 1719
608930 1720
608931 1721
608957 1722
608967 1723
608971 1724
608978 1725
608996 1726
609006 1727
609015 1728
609016 1729
