100800
101000
101200
101400
101600
101900
102200
102530
102700
102900
103050
103285
103470
103500
103580
103780
103900
104290
104300
104310
104510
105120
105150
105200
105210
105250
105400
105500
105830
106100
106210
106260
106300
106600
107480
107970
108010
108120
108300
108500
108720
108721
108900
108985
109150
109400
109730
109800
110100
112310
112500
112600
113000
113100
113200
113300
113500
113620
113650
113800
113900
113970
114000
114290
114480
114500
114550
114900
115080
115150
115195
115196
115197
115200
115210
115300
115310
115430
116150
116200
116800
116860
116920
117000
117210
117300
117550
118100
118200
118210
118220
118300
118400
118450
118700
118800
119300
119500
119530
119540
119600
119800
120100
120200
120330
120430
120435
120790
120970
121050
121200
121201
121300
121850
121900
122100
122200
122470
122600
122700
122880
123100
123150
123320
123400
123450
123500
123700
123790
124200
124500
124900
125250
125310
125350
125370
125420
125480
125490
125500
125595
125700
125800
125850
125851
125852
125853
126200
126600
126700
127300
127400
127550
127700
127750
128100
128235
129400
129490
129500
129600
130000
130010
130020
130050
130060
130070
130600
130650
130900
131300
131440
131705
131750
131760
131800
131850
131900
131960
132000
132400
132450
132600
132700
132900
133020
133100
133200
133239
133700
133701
133780
134610
135100
135150
135290
135300
135700
136120
136520
136630
136680
136800
136880
136900
137215
137440
137600
137750
137760
137800
137920
138000
138500
139300
140000
140300
140350
140600
140700
141200
141500
141749
142330
142623
142680
142900
142945
142946
143095
143100
143200
143465
143470
143870
143890
144010
144200
144250
144650
144700
144750
145000
145001
145250
145260
145500
145600
145650
145680
145750
145900
145980
146000
146110
146200
146255
146300
146510
146520
146550
146700
146800
147050
147060
147250
147480
147750
147891
147950
148000
148190
148210
148350
148700
148820
149200
149400
149730
150250
150800
151623
151660
152700
153100
153550
153640
153650
153670
153700
153800
154020
154500
154700
154780
155100
155240
155255
155601
155755
155950
156200
156400
156530
156550
157170
157300
157600
157640
158000
158300
158320
158330
158590
158810
159000
159001
159900
160120
160150
160500
160800
160900
160980
161000
161200
161400
161800
161950
162000
162091
162100
162200
162210
162300
162400
162500
162800
162830
162900
163800
163955
164200
164230
164280
164300
164400
164500
165300
165500
165550
165800
166200
166210
166220
166250
166350
166600
166700
166710
166780
167200
167210
167320
167400
167800
167870
168000
168300
168500
168550
168600
168601
168605
169100
169150
169400
169500
169600
170390
170400
170650
171300
171400
172700
172800
172870
173100
173600
173650
173900
174050
174200
174700
174800
174810
174900
175100
175200
175700
175780
175900
176000
176100
176200
176270
176305
176400
176410
176430
176500
176670
176807
176860
177000
177170
177200
177650
177735
177820
177900
178300
178500
178600
179800
179850
180100
180104
180105
180300
180500
180550
180800
180849
180920
181000
181030
181350
181400
181405
181430
181450
181500
182000
182212
182230
182290
182600
182601
182900
182920
182940
182980
183086
183090
183900
184250
184252
184460
184500
184700
184840
184900
185500
185800
186000
186100
186300
186500
186570
186580
187300
187500
187600
187950
188000
188050
188055
188470
188550
188570
188580
188890
189500
189800
190300
190320
190350
190351
190440
190685
191100
191830
191900
192315
192350
192500
192600
192605
192950
193100
193220
193300
193400
193500
193510
193520
193530
193670
193900
194070
194080
194200
194470
200100
200150
200600
200610
200700
200950
200990
201000
201250
201300
201400
201450
201460
201470
201475
201710
201750
202110
202200
202300
202370
202400
202700
203200
203290
203300
203400
203450
203500
203655
203700
203750
203780
203800
204000
204100
204200
204500
204700
204870
205100
205400
205950
206100
206200
206700
206900
207410
207750
207800
207900
208000
208085
208150
208250
208400
208550
208900
208920
209300
209500
209850
209880
209900
209920
209950
210200
210210
210250
210370
210600
210720
210900
211180
211400
211530
211750
211900
211980
212050
212065
212066
212070
212140
212550
212720
212780
213300
214100
214150
214400
214450
214500
214700
214800
215045
215100
215140
215150
215300
215600
215700
216360
216400
216550
216900
217090
217300
218000
218040
218330
218600
218700
219000
219050
219100
219200
219500
219700
219750
219800
219900
220100
220110
220111
220150
220200
220290
220400
221750
221770
222100
222300
222448
222700
222730
222765
222900
223000
223100
223800
223900
224050
224100
224120
224230
224410
224900
225060
225100
225280
225320
225400
225410
225500
225750
225753
226200
226600
226650
226700
226730
226980
227200
227220
227300
227400
227650
227810
228000
228300
228600
228900
228930
228960
229070
229300
229600
230000
230200
230350
230400
230450
230500
230600
230650
230800
230900
231000
231005
231070
231090
231095
231200
231300
231530
231550
231670
231680
231900
232220
232240
232300
232500
233300
233420
233910
234000
234100
234200
234500
235200
235400
235550
235555
235700
235730
235800
236200
236250
236270
236490
236670
236680
236700
236730
236792
237300
237310
237500
238320
238600
238700
239000
239200
239500
239510
240300
240500
240600
240800
241080
241200
241410
241500
241510
241520
241530
241550
241600
241800
241850
242100
242300
242500
242600
242860
243000
243060
243400
243700
243800
244400
244460
245000
245010
245150
245200
245340
245400
245480
245590
245660
245900
246200
246300
247100
247420
248200
248250
248360
248370
248600
248800
248900
249000
249100
249420
249700
249900
250100
250620
250790
250800
250850
250940
251000
251100
251110
251120
251200
251260
251450
251880
252010
252011
252150
252500
252600
252605
252650
252920
252940
253000
253010
253200
253220
253250
253270
253290
253300
253310
253400
253550
253600
253601
253700
254090
254110
254130
254210
254300
254450
254500
254600
254770
254780
254800
254900
255110
255120
255125
255200
255310
255320
255600
255700
255800
255960
256000
256030
256100
256300
256370
256450
256500
256550
256600
256700
256730
256731
256800
256840
256850
257200
257220
257270
257300
257320
257850
258100
258315
258450
258501
258660
258870
259420
259440
259500
259600
259700
259710
259720
259730
259770
259775
259900
260000
260300
260350
260370
260500
260540
260800
260920
261000
261100
261500
261515
261550
261600
261630
261670
261740
261750
262000
262190
262400
262500
262600
262650
262700
262850
263200
263300
263400
263510
263700
263800
264070
264080
264300
264350
264470
264700
265000
265120
265380
265800
266100
266120
266130
266140
266150
266200
266280
266300
266500
266510
266600
266900
267300
267430
267500
267750
268000
268100
268130
268150
268200
268210
268220
268310
268400
268700
268800
269150
269160
269250
269600
269700
269920
269921
270100
270200
270400
270420
270450
270550
270685
270960
270970
271150
271245
271665
271700
271900
271930
272120
272200
272300
272430
272460
272750
272800
273300
273395
273750
273800
274150
274300
274400
274500
274600
275100
275210
275350
275630
275900
276300
276400
276710
276820
276900
276901
276904
277180
277410
277440
277450
277460
277470
277480
277580
277590
277610
277900
278250
278300
278400
278700
278720
278730
278740
278750
278760
278780
278800
300000
300009
300018
300029
300048
300049
300055
300067
300068
300069
300071
300100
300123
300143
300166
300183
300200
300209
300210
300220
300240
300243
300257
300260
300291
300299
300301
300321
300322
300323
300352
300354
300367
300373
300376
300387
300400
300422
300423
300425
300436
300438
300448
300472
300476
300486
300489
300491
300494
300495
300496
300497
300500
300510
300511
300600
301000
301040
301050
301200
301310
301500
301830
301900
302045
302060
302800
302950
302960
303100
303350
303600
303700
304020
304100
304110
304120
304150
304400
304700
304790
304800
305000
305100
305390
305400
305450
305600
305620
306400
306900
306955
307000
307200
307800
308050
308100
308205
308230
308240
308300
308800
308930
308940
309000
309350
309400
309500
309520
309530
309541
309548
309549
309580
309583
309801
310200
310300
310400
310465
310468
310600
311150
311200
311250
311300
311900
312000
312060
312080
312300
312600
312750
312863
312870
312920
313200
313400
313500
313900
314050
314250
415000
580000
600002
600059
600060
600072
600081
600101
600105
600116
600118
600121
600132
600138
600145
600155
600195
600202
600204
600208
600224
600263
600274
600309
600316
600334
600376
600462
600496
600501
600512
600513
600625
600630
600634
600648
600649
600652
600669
600721
600737
600791
600794
600795
600803
600807
600850
600852
600858
600880
600881
600882
600886
600919
600955
600962
600965
600969
600974
600977
600994
600995
600996
601001
601003
601005
601067
601071
601072
601098
601104
601110
601144
601152
601154
601200
601214
601238
601277
601287
601316
601317
601321
601367
601369
601378
601382
601386
601399
601410
601414
601419
601451
601455
601457
601462
601472
601494
601536
601544
601547
601553
601559
601606
601626
601631
601634
601650
601665
601675
601678
601680
601696
601718
601744
601777
601813
601815
601820
601847
601859
601868
601884
601885
601887
601894
601942
601952
601954
602014
602032
602078
602080
602081
602082
602083
602088
602089
602092
602093
602111
602347
602390
602398
602433
602450
602459
602473
602475
602481
602482
602485
602491
602522
602540
602579
602585
602629
602668
602722
602771
602849
602875
603013
603034
603041
603147
603218
603233
603278
603358
603373
603471
603513
603516
603543
603552
603553
603554
603563
603585
603622
603649
603688
603689
603776
603786
603813
603829
603830
603860
603896
603902
603903
603909
603932
603933
603956
604004
604091
604116
604117
604129
604131
604145
604168
604169
604173
604187
604218
604219
604229
604233
604250
604271
604273
604278
604286
604290
604292
604302
604307
604308
604320
604326
604348
604352
604356
604360
604367
604369
604370
604377
604391
604393
604400
604416
604432
604498
604536
604537
604563
604571
604625
604715
604717
604757
604765
604772
604804
604841
604864
604901
604906
604928
604931
605027
605039
605041
605074
605115
605192
605218
605249
605253
605258
605259
605280
605289
605316
605355
605361
605362
605373
605375
605387
605407
605432
605462
605472
605479
605552
605588
605589
605594
605637
605676
605714
605724
605814
605820
605839
605899
606002
606003
606054
606056
606069
606070
606071
606072
606159
606176
606217
606232
606243
606324
606346
606353
606367
606369
606392
606394
606408
606437
606438
606482
606579
606593
606595
606657
606658
606664
606685
606688
606690
606705
606719
606762
606764
606768
606777
606788
606798
606799
606812
606824
606843
606856
606858
606864
606889
606943
606963
606966
606996
607014
607015
607078
607080
607091
607101
607107
607115
607133
607136
607143
607154
607174
607196
607200
607208
607225
607236
607250
607259
607271
607276
607277
607313
607322
607323
607326
607330
607341
607361
607371
607398
607417
607426
607432
607450
607453
607459
607464
607473
607475
607476
607482
607485
607487
607499
607507
607523
607541
607554
607572
607594
607595
607596
607598
607602
607616
607624
607625
607626
607628
607631
607634
607636
607641
607654
607655
607676
607677
607678
607681
607682
607684
607685
607688
607706
607721
607734
607736
607745
607748
607765
607778
607785
607791
607801
607812
607821
607822
607823
607831
607832
607834
607841
607847
607855
607864
607903
607906
607921
607932
607941
607948
608013
608030
608033
608051
608091
608093
608097
608099
608104
608106
608115
608175
608180
608189
608194
608203
608232
608233
608236
608265
608266
608320
608323
608328
608340
608354
608355
608358
608361
608389
608390
608393
608404
608415
608443
608446
608456
608470
608516
608540
608556
608567
608569
608579
608583
608594
608611
608612
608615
608622
608627
608629
608634
608637
608641
608643
608644
608649
608654
608673
608688
608709
608716
608728
608747
608751
608758
608776
608779
608782
608799
608800
608804
608807
608808
608810
608812
608836
608837
608840
608864
608874
608890
608895
608898
608902
608930
608931
608957
608967
608971
608978
608996
609006
609015
609016
